# Nontrivial zeros gamma>0 of L(s, chi_3), chi_3=(n/3); computed with mpmath (30 digits), gamma<160. Count=85
8.039737156
11.249206208
15.704619177
18.261997496
20.455770808
24.059414856
26.577868736
28.218164506
30.745040261
33.897388927
35.608412654
37.551796556
39.485207261
42.616379226
44.120572912
46.274118024
47.514104510
50.375138651
52.496749599
54.193843102
55.642558700
57.584056360
60.026857457
62.206078122
63.176992767
65.294925544
66.623134626
69.513022986
70.819798696
72.656149071
74.005428521
75.622406964
78.217481271
79.637975752
81.611987609
82.470252512
84.412286638
86.327646283
88.652617209
89.646402757
91.335610354
92.753464387
94.394358797
96.874252090
98.126454904
99.533489264
101.374963468
102.116361845
104.765375470
106.246061849
107.970316117
109.137603914
110.523351037
112.154771842
114.217148272
115.898142442
117.369750997
118.299418308
120.255182238
121.278841597
123.890490660
125.010783501
126.397312256
128.052677184
128.937236929
130.811369910
133.032449649
133.990862643
135.820891223
136.826373272
138.095359556
139.998280076
141.647847112
143.638477145
144.251663983
145.919629567
147.224230282
148.603136989
150.716489570
152.318529152
153.190716494
154.815216152
156.136480891
157.148381277
159.718252421